     1        0   0.000
     2    12475   0.010
     3    24949   0.020
     4    37423   0.030
     5    49897   0.040
     6    62371   0.050
     7    74845   0.060
     8    87319   0.070
     9    99793   0.080
    10   112267   0.090
    11   124741   0.100
    12   137215   0.110
    13   149689   0.120
    14   162163   0.130
    15   174637   0.140
    16   187111   0.150
    17   199585   0.160
    18   212059   0.170
    19   224533   0.180
    20   237007   0.190
    21   249481   0.200
    22   261955   0.210
    23   274429   0.220
    24   286903   0.230
    25   299377   0.240
    26   311851   0.250
    27   324325   0.260
    28   336799   0.270
    29   349273   0.280
    30   361747   0.290
    31   374221   0.300
    32   386695   0.310
    33   399169   0.320
    34   411643   0.330
    35   424117   0.340
    36   436591   0.350
    37   449065   0.360
    38   461539   0.370
    39   474013   0.380
    40   486487   0.390
    41   498961   0.400
    42   511435   0.410
    43   523909   0.420
    44   536383   0.430
    45   548857   0.440
    46   561331   0.450
    47   573805   0.460
    48   586279   0.470
    49   598753   0.480
    50   611227   0.490
    51   623701   0.500
    52   636175   0.510
    53   648649   0.520
    54   661123   0.530
    55   673597   0.540
    56   686071   0.550
    57   698545   0.560
    58   711019   0.570
    59   723493   0.580
    60   735967   0.590
    61   748441   0.600
    62   760915   0.610
    63   773389   0.620
    64   785863   0.630
    65   798337   0.640
    66   810811   0.650
    67   823285   0.660
    68   835759   0.670
    69   848233   0.680
    70   860707   0.690
    71   873181   0.700
    72   885655   0.710
    73   898129   0.720
    74   910603   0.730
    75   923077   0.740
    76   935551   0.750
    77   948025   0.760
    78   960499   0.770
    79   972973   0.780
    80   985447   0.790
    81   997921   0.800
    82  1010395   0.810
    83  1022869   0.820
    84  1035343   0.830
    85  1047817   0.840
    86  1060291   0.850
    87  1072765   0.860
    88  1085239   0.870
    89  1097713   0.880
    90  1110187   0.890
    91  1122661   0.900
    92  1135135   0.910
    93  1147609   0.920
    94  1160083   0.930
    95  1172557   0.940
    96  1185031   0.950
    97  1197505   0.960
    98  1209979   0.970
    99  1222453   0.980
   100  1234927   0.990
   101  1247401   1.000
   102  1259875   1.010
   103  1272349   1.020
   104  1284823   1.030
   105  1297297   1.040
   106  1309771   1.050
   107  1322245   1.060
   108  1334719   1.070
   109  1347193   1.080
   110  1359667   1.090
   111  1372141   1.100
   112  1384615   1.110
   113  1397089   1.120
   114  1409563   1.130
   115  1422037   1.140
   116  1434511   1.150
   117  1446985   1.160
   118  1459459   1.170
   119  1471933   1.180
   120  1484407   1.190
   121  1496881   1.200
   122  1509355   1.210
   123  1521829   1.220
   124  1534303   1.230
   125  1546777   1.240
   126  1559251   1.250
   127  1571725   1.260
   128  1584199   1.270
   129  1596673   1.280
   130  1609147   1.290
   131  1621621   1.300
   132  1634095   1.310
   133  1646569   1.320
   134  1659043   1.330
   135  1671517   1.340
   136  1683991   1.350
   137  1696465   1.360
   138  1708939   1.370
   139  1721413   1.380
   140  1733887   1.390
   141  1746361   1.400
   142  1758835   1.410
   143  1771309   1.420
   144  1783783   1.430
   145  1796257   1.440
   146  1808731   1.450
   147  1821205   1.460
   148  1833679   1.470
   149  1846153   1.480
   150  1858627   1.490
   151  1871101   1.500
   152  1883575   1.510
   153  1896049   1.520
   154  1908523   1.530
   155  1920997   1.540
   156  1933471   1.550
   157  1945945   1.560
   158  1958419   1.570
   159  1970893   1.580
   160  1983367   1.590
   161  1995841   1.600
   162  2008315   1.610
   163  2020789   1.620
   164  2033263   1.630
   165  2045737   1.640
   166  2058211   1.650
   167  2070685   1.660
   168  2083159   1.670
   169  2095633   1.680
   170  2108107   1.690
   171  2120581   1.700
   172  2133055   1.710
   173  2145529   1.720
   174  2158003   1.730
   175  2170477   1.740
   176  2182951   1.750
   177  2195425   1.760
   178  2207899   1.770
   179  2220373   1.780
   180  2232847   1.790
   181  2245321   1.800
   182  2257795   1.810
   183  2270269   1.820
   184  2282743   1.830
   185  2295217   1.840
   186  2307691   1.850
   187  2320165   1.860
   188  2332639   1.870
   189  2345113   1.880
   190  2357587   1.890
   191  2370061   1.900
   192  2382535   1.910
   193  2395009   1.920
   194  2407483   1.930
   195  2419957   1.940
   196  2432431   1.950
   197  2444905   1.960
   198  2457379   1.970
   199  2469853   1.980
   200  2482327   1.990
   201  2494801   2.000
