     1        0   129600   0.000
     2    12475   129600   0.010
     3    24949   129600   0.020
     4    37423   129600   0.030
     5    49897   130917   0.040
     6    62371   130917   0.050
     7    74845   130917   0.060
     8    87319   133056   0.070
     9    99793   133056   0.080
    10   112267   133056   0.090
    11   124741   133056   0.100
    12   137215   135292   0.110
    13   149689   135292   0.120
    14   162163   135292   0.130
    15   174637   137743   0.140
    16   187111   137743   0.150
    17   199585   137743   0.160
    18   212059   137743   0.170
    19   224533   140484   0.180
    20   237007   140484   0.190
    21   249481   140484   0.200
    22   261955   143494   0.210
    23   274429   143494   0.220
    24   286903   143494   0.230
    25   299377   143494   0.240
    26   311851   146416   0.250
    27   324325   146416   0.260
    28   336799   146416   0.270
    29   349273   149179   0.280
    30   361747   149179   0.290
    31   374221   149179   0.300
    32   386695   149179   0.310
    33   399169   152105   0.320
    34   411643   152105   0.330
    35   424117   152105   0.340
    36   436591   155073   0.350
    37   449065   155073   0.360
    38   461539   155073   0.370
    39   474013   155073   0.380
    40   486487   158075   0.390
    41   498961   158075   0.400
    42   511435   158075   0.410
    43   523909   161147   0.420
    44   536383   161147   0.430
    45   548857   161147   0.440
    46   561331   161147   0.450
    47   573805   164333   0.460
    48   586279   164333   0.470
    49   598753   164333   0.480
    50   611227   167697   0.490
    51   623701   167697   0.500
    52   636175   167697   0.510
    53   648649   167697   0.520
    54   661123   171063   0.530
    55   673597   171063   0.540
    56   686071   171063   0.550
    57   698545   174478   0.560
    58   711019   174478   0.570
    59   723493   174478   0.580
    60   735967   174478   0.590
    61   748441   177848   0.600
    62   760915   177848   0.610
    63   773389   177848   0.620
    64   785863   181130   0.630
    65   798337   181130   0.640
    66   810811   181130   0.650
    67   823285   181130   0.660
    68   835759   184686   0.670
    69   848233   184686   0.680
    70   860707   184686   0.690
    71   873181   187932   0.700
    72   885655   187932   0.710
    73   898129   187932   0.720
    74   910603   187932   0.730
    75   923077   191166   0.740
    76   935551   191166   0.750
    77   948025   191166   0.760
    78   960499   194444   0.770
    79   972973   194444   0.780
    80   985447   194444   0.790
    81   997921   194444   0.800
    82  1010395   198101   0.810
    83  1022869   198101   0.820
    84  1035343   198101   0.830
    85  1047817   201632   0.840
    86  1060291   201632   0.850
    87  1072765   201632   0.860
    88  1085239   201632   0.870
    89  1097713   205276   0.880
    90  1110187   205276   0.890
    91  1122661   205276   0.900
    92  1135135   208851   0.910
    93  1147609   208851   0.920
    94  1160083   208851   0.930
    95  1172557   208851   0.940
    96  1185031   212371   0.950
    97  1197505   212371   0.960
    98  1209979   212371   0.970
    99  1222453   216001   0.980
   100  1234927   216001   0.990
   101  1247401   216001   1.000
   102  1259875   216001   1.010
   103  1272349   219619   1.020
   104  1284823   219619   1.030
   105  1297297   219619   1.040
   106  1309771   223060   1.050
   107  1322245   223060   1.060
   108  1334719   223060   1.070
   109  1347193   223060   1.080
   110  1359667   226586   1.090
   111  1372141   226586   1.100
   112  1384615   226586   1.110
   113  1397089   230212   1.120
   114  1409563   230212   1.130
   115  1422037   230212   1.140
   116  1434511   230212   1.150
   117  1446985   233810   1.160
   118  1459459   233810   1.170
   119  1471933   233810   1.180
   120  1484407   237440   1.190
   121  1496881   237440   1.200
   122  1509355   237440   1.210
   123  1521829   237440   1.220
   124  1534303   241112   1.230
   125  1546777   241112   1.240
   126  1559251   241112   1.250
   127  1571725   244725   1.260
   128  1584199   244725   1.270
   129  1596673   244725   1.280
   130  1609147   244725   1.290
   131  1621621   248399   1.300
   132  1634095   248399   1.310
   133  1646569   248399   1.320
   134  1659043   252030   1.330
   135  1671517   252030   1.340
   136  1683991   252030   1.350
   137  1696465   252030   1.360
   138  1708939   255511   1.370
   139  1721413   255511   1.380
   140  1733887   255511   1.390
   141  1746361   258898   1.400
   142  1758835   258898   1.410
   143  1771309   258898   1.420
   144  1783783   258898   1.430
   145  1796257   262329   1.440
   146  1808731   262329   1.450
   147  1821205   262329   1.460
   148  1833679   265948   1.470
   149  1846153   265948   1.480
   150  1858627   265948   1.490
   151  1871101   265948   1.500
   152  1883575   269553   1.510
   153  1896049   269553   1.520
   154  1908523   269553   1.530
   155  1920997   273156   1.540
   156  1933471   273156   1.550
   157  1945945   273156   1.560
   158  1958419   273156   1.570
   159  1970893   276820   1.580
   160  1983367   276820   1.590
   161  1995841   276820   1.600
   162  2008315   280410   1.610
   163  2020789   280410   1.620
   164  2033263   280410   1.630
   165  2045737   280410   1.640
   166  2058211   283997   1.650
   167  2070685   283997   1.660
   168  2083159   283997   1.670
   169  2095633   287496   1.680
   170  2108107   287496   1.690
   171  2120581   287496   1.700
   172  2133055   287496   1.710
   173  2145529   291089   1.720
   174  2158003   291089   1.730
   175  2170477   291089   1.740
   176  2182951   294516   1.750
   177  2195425   294516   1.760
   178  2207899   294516   1.770
   179  2220373   294516   1.780
   180  2232847   297908   1.790
   181  2245321   297908   1.800
   182  2257795   297908   1.810
   183  2270269   301430   1.820
   184  2282743   301430   1.830
   185  2295217   301430   1.840
   186  2307691   301430   1.850
   187  2320165   304929   1.860
   188  2332639   304929   1.870
   189  2345113   304929   1.880
   190  2357587   308522   1.890
   191  2370061   308522   1.900
   192  2382535   308522   1.910
   193  2395009   308522   1.920
   194  2407483   312357   1.930
   195  2419957   312357   1.940
   196  2432431   312357   1.950
   197  2444905   315802   1.960
   198  2457379   315802   1.970
   199  2469853   315802   1.980
   200  2482327   315802   1.990
   201  2494801   319403   2.000
